!SnakeGame/Map1.txt
!Map = 40X40
!0 = blank
!1 = Snake
!2 = Obstacle
0000000000000000000000000000000000000000
0000000000000000000000000000000000000000
0000000000000000000000000000000000000000
0000000000000000000000000000000000000000
0000000000000000000000000000000000000000
0000000000000000000000000000000000000000
0000000000000000000000000000000000000000
0000000000000000000000000000000000000000
0000000000000000000000000000000000000000
0000022222222220000000000222222222200000
0000020000000000000000000000000000200000
0000020000000000000000000000000000200000
0000020000000000000000000000000000200000
0000020000000000000000000000000000200000
0000020000000000000000000000000000200000
0000000000000000000000000000000000000000
0000000000000000000000000000000000000000
0000000000000000000000000000000000000000
0000000000000000000000000000000000000000
0000000000000000000000000000000000000000
0000000000000000000000000000000000000000
0000000000000000000000000000000000000000
0000000000000000000000000000000000000000
0000020000000000000000000000000000200000
0000020000000000000000000000000000200000
0000020000000000000000000000000000200000
0000020000000000000000000000000000200000
0000020000000000000000000000000000200000
0000022222222220000000000222222222200000
0000000000000000000100000000000000000000
0000000000000000000000000000000000000000
0000000000000000000000000000000000000000
0000000000000000000000000000000000000000
0000000000000000000000000000000000000000
0000000000000000000000000000000000000000
0000000000000000000000000000000000000000
0000000000000000000000000000000000000000
0000000000000000000000000000000000000000
0000000000000000000000000000000000000000
0000000000000000000000000000000000000000