!SnakeGame/Map1.txt
!Map = 40X40
!0 = blank
!1 = Snake
!2 = Obstacle
2020202020202020202020202020202020202020
0000000000000000000000000000000000000000
2020202020202020202020202020202020202020
0000000000000000000000000000000000000000
2020202020202020202020202020202020202020
0000000000000000000000000000000000000000
2020202020202020202020202020202020202020
0000000000000000000000000000000000000000
2020202020202020202020202020202020202020
0000000000000000000000000000000000000000
2020202020202020202020202020202020202020
0000000000000000000000000000000000000000
2020202020202020202020202020202020202020
0000000000000000000000000000000000000000
2020202020202020202020202020202020202020
0000000000000000000000000000000000000000
2020202020202020202020202020202020202020
0000000000000000000000000000000000000000
2020202020202020202020202020202020202020
0000000000000000000000000000000000000000
2020202020202020202020202020202020202020
0000000000000000000000000000000000000000
2020202020202020202020202020202020202020
0000000000000000000000000000000000000000
2020202020202020202020202020202020202020
0000000000000000000000000000000000000000
2020202020202020202020202020202020202020
0000000000000000000000000000000000000000
2020202020202020202020202020202020202020
0000000000000000000000000000000000000000
0000000000000000000000000000000000000000
0000000000000000000000000000000000000000
0000000000000000000000000000000000000000
0000000000000000000000000000000000000000
0000000000000000000000000000000000000000
0000000000000000000000000000000000000000
0000000000000000000000000000000000000000
0000000000000000000000000000000000000000
0000000000000000000000000000000000000000
0000000000000000000000000000000000000000
0000000000000000000000000000000000000000